0 0.100556 0.548333 0.043333 0.093333
0 0.173333 0.547500 0.053333 0.088333
0 0.351111 0.560833 0.037778 0.128333
0 0.389444 0.573333 0.038889 0.150000
0 0.466667 0.627500 0.053333 0.191667
0 0.502222 0.609167 0.062222 0.265000
0 0.545556 0.597500 0.062222 0.275000
0 0.620000 0.605833 0.055556 0.231667
0 0.736667 0.583333 0.051111 0.160000
0 0.678889 0.601667 0.042222 0.193333
0 0.651667 0.600833 0.041111 0.238333
0 0.898889 0.562500 0.033333 0.071667
0 0.946111 0.560833 0.025556 0.065000
0 0.813333 0.560000 0.020000 0.056667
0 0.835000 0.555000 0.025556 0.066667
0 0.783333 0.560833 0.024444 0.051667
0 0.413333 0.550833 0.020000 0.121667
0 0.433333 0.551667 0.024444 0.126667
