0 0.103889 0.543333 0.036667 0.090000
0 0.173889 0.549167 0.043333 0.078333
0 0.352222 0.565000 0.035556 0.133333
0 0.392778 0.574167 0.045556 0.145000
0 0.409444 0.552500 0.027778 0.115000
0 0.437222 0.555000 0.032222 0.126667
0 0.466667 0.627500 0.046667 0.201667
0 0.500556 0.610833 0.058889 0.255000
0 0.545000 0.599167 0.063333 0.251667
0 0.736111 0.581667 0.052222 0.150000
0 0.813889 0.557500 0.027778 0.061667
0 0.898333 0.560833 0.034444 0.061667
0 0.945556 0.560000 0.028889 0.056667
0 0.620000 0.605000 0.062222 0.230000
0 0.652778 0.598333 0.054444 0.250000
0 0.681111 0.589167 0.048889 0.198333
