0 0.232778 0.612500 0.121111 0.345000
0 0.455000 0.490000 0.125556 0.313333
0 0.369444 0.790000 0.130000 0.330000
0 0.126111 0.393333 0.130000 0.313333
0 0.322778 0.448333 0.138889 0.340000
0 0.592778 0.695000 0.145556 0.330000
0 0.521111 0.890000 0.122222 0.220000
0 0.622222 0.471667 0.151111 0.333333
0 0.821667 0.613333 0.136667 0.356667
0 0.787222 0.807500 0.156667 0.348333
0 0.680000 0.910833 0.108889 0.178333
0 0.930556 0.840833 0.138889 0.318333
0 0.325000 0.200833 0.121111 0.271667
0 0.436111 0.205000 0.123333 0.280000
0 0.038889 0.159167 0.075556 0.308333
0 0.160556 0.130833 0.125556 0.255000
