0 0.124444 0.386667 0.124444 0.296667
0 0.236111 0.613333 0.125556 0.330000
0 0.325000 0.448333 0.138889 0.323333
0 0.372222 0.795000 0.135556 0.320000
0 0.591111 0.697500 0.135556 0.321667
0 0.518889 0.892500 0.120000 0.215000
0 0.458333 0.474167 0.121111 0.301667
0 0.323333 0.195833 0.115556 0.268333
0 0.443333 0.195833 0.148889 0.261667
0 0.631667 0.459167 0.152222 0.348333
0 0.781111 0.797500 0.157778 0.331667
0 0.821111 0.599167 0.140000 0.341667
0 0.932222 0.842500 0.133333 0.315000
0 0.037222 0.156667 0.070000 0.290000
